>>> L = np.random.choice(range(0, 2150),  size= (100, 26), replace= True)
>>> df = pd.DataFrame(L, columns = alfabeto, index= otu_list)
>>> df
            a     b     c     d     e     f     g     h     i     j     k     l  ...     o     p     q     r     s     t     u     v     w     x     y     z
OTU_1     587   795    66   781  1380  1157  1913   511  1554    48   331   728  ...  1805  1403   805  1950   967  1585   949  1747   640  1742  1201  1043
OTU_2     565   687   537   276   112  1139  1874   925   722   854  1733   521  ...   252  1857  1221    73   490  1476   280   613  1741   642  1026  2138
OTU_3    1157  1744  1162  1071  1528   101  1032    72   980  1292  1603  1369  ...   109   304  1602   595  1942  1416   862  1362   757  1650  1619    42
OTU_4    1652  1009  1863  2135   776  1776   397   793  2066  1583   420  2021  ...  1210   512   671   886  1456   146  1364   288   630  1607  1052   804
OTU_5    1120  2121   778   606  1499   986   559  2089   178  1941  1308  1135  ...  1333  1315  1111   841  1855   601  1031  1301   627   222    66   137
...       ...   ...   ...   ...   ...   ...   ...   ...   ...   ...   ...   ...  ...   ...   ...   ...   ...   ...   ...   ...   ...   ...   ...   ...   ...
OTU_96   1054  1503   627   106  2128  1468  2073     5  2120  1279  1281  1810  ...   214   106   467  1300   511  1038   135   273  1712  1361   190   447
OTU_97    579   121   987  1700  1184  1497  1371  2051  1498  1257  2051  1875  ...  2003   257    72   455  1844  1108  1646  2025  1044     4   502  1455
OTU_98   1745  2006   909   950  1315   623   606  1361  1394   566     6   793  ...    24   124  1100   928   507    16  2114  2004   392  1603  1484  1528
OTU_99   1977   884  1555   899   944  1114   758  1352  1419  1952  1255   351  ...   687   578  1862  1134   665   464  2048   921  1280  1116  1200  1036
OTU_100  2131   602  1638  1895   453    55  1594  1360   148  1721  2018   795  ...  1974   425   127  2031   498  1368   107   787  1081  1825    35   384

[100 rows x 26 columns]
>>> for column in df.columns:
...     zeros = np.random.choice(range(40, 70))
...     indexes = df.sample(zeros).index
...     for idx in indexes:
...         df.loc[idx, column] = 0
...
>>> df
            a     b    c     d     e     f     g     h     i     j     k     l  ...     o     p     q     r    s     t     u     v     w     x     y     z
OTU_1     587   795    0     0  1380  1157  1913     0  1554    48     0   728  ...     0     0     0     0    0     0     0     0     0     0     0     0
OTU_2     565   687    0   276     0  1139     0     0   722   854  1733     0  ...     0  1857  1221     0  490     0     0     0  1741     0  1026     0
OTU_3       0  1744    0     0  1528     0  1032    72   980     0     0  1369  ...     0   304     0     0    0     0     0  1362   757  1650     0    42
OTU_4       0     0    0     0     0     0     0   793  2066  1583   420     0  ...     0   512   671     0    0     0  1364   288   630  1607  1052   804
OTU_5    1120     0    0   606     0   986   559     0     0  1941     0  1135  ...  1333     0  1111   841    0   601     0  1301   627   222    66   137
...       ...   ...  ...   ...   ...   ...   ...   ...   ...   ...   ...   ...  ...   ...   ...   ...   ...  ...   ...   ...   ...   ...   ...   ...   ...
OTU_96      0  1503    0     0  2128     0     0     0  2120  1279  1281     0  ...     0     0     0     0  511  1038     0   273     0     0     0     0
OTU_97    579   121    0     0  1184     0  1371  2051     0  1257  2051  1875  ...     0   257    72     0    0     0     0  2025     0     4     0     0
OTU_98      0  2006  909     0     0   623   606  1361  1394     0     6     0  ...     0     0     0     0    0     0     0     0   392     0  1484  1528
OTU_99      0     0    0     0   944     0   758     0  1419     0  1255   351  ...   687     0     0     0  665     0     0   921  1280  1116  1200  1036
OTU_100  2131   602    0  1895   453     0  1594     0     0     0  2018   795  ...  1974     0     0  2031    0     0   107     0  1081     0    35   384

[100 rows x 26 columns]

>>> df = df.reset_index().rename({'index': 'OTU'}, axis=1)
>>> df
        OTU     a     b    c     d     e     f     g     h     i     j     k  ...     o     p     q     r    s     t     u     v     w     x     y     z
0     OTU_1   587   795    0     0  1380  1157  1913     0  1554    48     0  ...     0     0     0     0    0     0     0     0     0     0     0     0
1     OTU_2   565   687    0   276     0  1139     0     0   722   854  1733  ...     0  1857  1221     0  490     0     0     0  1741     0  1026     0
2     OTU_3     0  1744    0     0  1528     0  1032    72   980     0     0  ...     0   304     0     0    0     0     0  1362   757  1650     0    42
3     OTU_4     0     0    0     0     0     0     0   793  2066  1583   420  ...     0   512   671     0    0     0  1364   288   630  1607  1052   804
4     OTU_5  1120     0    0   606     0   986   559     0     0  1941     0  ...  1333     0  1111   841    0   601     0  1301   627   222    66   137
..      ...   ...   ...  ...   ...   ...   ...   ...   ...   ...   ...   ...  ...   ...   ...   ...   ...  ...   ...   ...   ...   ...   ...   ...   ...
95   OTU_96     0  1503    0     0  2128     0     0     0  2120  1279  1281  ...     0     0     0     0  511  1038     0   273     0     0     0     0
96   OTU_97   579   121    0     0  1184     0  1371  2051     0  1257  2051  ...     0   257    72     0    0     0     0  2025     0     4     0     0
97   OTU_98     0  2006  909     0     0   623   606  1361  1394     0     6  ...     0     0     0     0    0     0     0     0   392     0  1484  1528
98   OTU_99     0     0    0     0   944     0   758     0  1419     0  1255  ...   687     0     0     0  665     0     0   921  1280  1116  1200  1036
99  OTU_100  2131   602    0  1895   453     0  1594     0     0     0  2018  ...  1974     0     0  2031    0     0   107     0  1081     0    35   384

[100 rows x 27 columns]

>>> df.to_csv('tabela original.csv', sep='\t', header=True, index=None)
>>> df
        OTU     a     b    c     d     e     f     g     h     i     j     k  ...     o     p     q     r    s     t     u     v     w     x     y     z
0     OTU_1   587   795    0     0  1380  1157  1913     0  1554    48     0  ...     0     0     0     0    0     0     0     0     0     0     0     0
1     OTU_2   565   687    0   276     0  1139     0     0   722   854  1733  ...     0  1857  1221     0  490     0     0     0  1741     0  1026     0
2     OTU_3     0  1744    0     0  1528     0  1032    72   980     0     0  ...     0   304     0     0    0     0     0  1362   757  1650     0    42
3     OTU_4     0     0    0     0     0     0     0   793  2066  1583   420  ...     0   512   671     0    0     0  1364   288   630  1607  1052   804
4     OTU_5  1120     0    0   606     0   986   559     0     0  1941     0  ...  1333     0  1111   841    0   601     0  1301   627   222    66   137
..      ...   ...   ...  ...   ...   ...   ...   ...   ...   ...   ...   ...  ...   ...   ...   ...   ...  ...   ...   ...   ...   ...   ...   ...   ...
95   OTU_96     0  1503    0     0  2128     0     0     0  2120  1279  1281  ...     0     0     0     0  511  1038     0   273     0     0     0     0
96   OTU_97   579   121    0     0  1184     0  1371  2051     0  1257  2051  ...     0   257    72     0    0     0     0  2025     0     4     0     0
97   OTU_98     0  2006  909     0     0   623   606  1361  1394     0     6  ...     0     0     0     0    0     0     0     0   392     0  1484  1528
98   OTU_99     0     0    0     0   944     0   758     0  1419     0  1255  ...   687     0     0     0  665     0     0   921  1280  1116  1200  1036
99  OTU_100  2131   602    0  1895   453     0  1594     0     0     0  2018  ...  1974     0     0  2031    0     0   107     0  1081     0    35   384

[100 rows x 27 columns]



então agora, segue a função para importar a minha tabela original

#função para importar a minha tabela original:
otu_table = pd.read_table("otu_table_og.tsv",
                          sep = "\t",
                          header = "infer",
                          index_col = 0
                          )

mas vou pôr o nome da minha tabela, então:
tabela_original = pd.read_table("tabela_original.csv",
                                sep = "\t",
                                header = "True",
                                index = None
                                )
  